    qw	    Ie	    Iw	   alc	    I0	 Cappa	         P0	         P1	 Vstar
117105.6	1004.5	  73.5	94.6114	1005.7	   1.2	8817471.82	8.3214E+06
99770.4	1004.5	  73.5	80.6085	1005.7	   1.2	8817471.82	8.3099E+06
87305.9	1004.4	  73.5	70.5421	1005.7	   1.2	8817471.82	8.2878E+06
78542.3	1004.4	  73.5	63.4631	1005.7	   1.2	8817471.82	8.2767E+06
72006.3	1004.4	  73.5	58.1835	1005.7	   1.2	8817471.82	8.2663E+06
66856.2	1004.3	  73.5	54.0240	1005.7	   1.2	8817471.82	8.2528E+06
62629.7	1004.3	  73.5	50.6115	1005.7	   1.2	8817471.82	8.2326E+06
59080.9	1004.2	  73.5	47.7469	1005.7	   1.2	8817471.82	8.2072E+06
55864.3	1004.2	  73.5	45.1508	1005.7	   1.2	8817471.82	8.1784E+06
53023.9	1004.1	  73.5	42.8589	1005.7	   1.2	8817471.82	8.1455E+06
50608.3	1004.0	  73.5	40.9104	1005.7	   1.2	8817471.82	8.1088E+06
48560.8	1003.9	  73.5	39.2598	1005.7	   1.2	8817471.82	8.0669E+06
46786.4	1003.8	  73.5	37.8296	1005.7	   1.2	8817471.82	8.0243E+06
45189.4	1003.7	  73.5	36.5432	1005.7	   1.2	8817471.82	7.9756E+06
43758.7	1003.5	  73.5	35.3923	1005.7	   1.2	8817471.82	7.9130E+06
42633.6	1003.4	  73.5	34.4859	1005.7	   1.2	8817471.82	7.8752E+06
41651.2	1003.2	  73.5	33.6982	1005.7	   1.2	8817471.82	7.8006E+06
40679.8	1002.9	  73.5	32.9219	1005.7	   1.2	8817471.82	7.6964E+06
39686.4	1002.6	  73.5	32.1287	1005.7	   1.2	8817471.82	7.5788E+06
38759.2	1002.2	  73.5	31.3914	1005.7	   1.2	8817471.82	7.4319E+06
37955.6	1001.7	  73.5	30.7571	1005.7	   1.2	8817471.82	7.2486E+06
37288.3	1001.1	  73.5	30.2384	1005.7	   1.2	8817471.82	7.0054E+06
37116.0	1000.3	  73.5	30.1233	1005.7	   1.2	8817471.82	6.7416E+06
35876.6	 997.9	  73.5	29.1929	1005.7	   1.2	8817471.82	5.9603E+06
35652.8	 995.8	  73.5	29.0759	1005.7	   1.2	8817471.82	5.3464E+06
31915.7	 989.1	  73.5	26.2198	1005.7	   1.2	8817471.82	3.6915E+06
27165.4	 981.5	  73.5	22.5038	1005.7	   1.2	8817471.82	2.3537E+06
22065.2	 974.1	  73.5	18.4299	1005.7	   1.2	8817471.82	1.4537E+06
20244.7	 970.7	  73.5	16.9725	1005.7	   1.2	8817471.82	1.1529E+06
17584.0	 965.7	  73.5	14.8240	1005.7	   1.2	8817471.82	8.0123E+05
16682.4	 963.5	  73.5	14.0997	1005.7	   1.2	8817471.82	6.7323E+05
16752.9	 963.0	  73.5	14.1664	1005.7	   1.2	8817471.82	6.4975E+05
17380.2	 963.6	  73.5	14.6869	1005.7	   1.2	8817471.82	6.8149E+05
18101.0	 964.4	  73.5	15.2818	1005.7	   1.2	8817471.82	7.2651E+05
18712.5	 965.1	  73.5	15.7857	1005.7	   1.2	8817471.82	7.6649E+05
19180.2	 965.7	  73.5	16.1707	1005.7	   1.2	8817471.82	7.9760E+05
19522.7	 966.1	  73.5	16.4525	1005.7	   1.2	8817471.82	8.2095E+05
19770.1	 966.3	  73.5	16.6557	1005.7	   1.2	8817471.82	8.3859E+05
19935.8	 966.5	  73.5	16.7915	1005.7	   1.2	8817471.82	8.5133E+05
20043.2	 966.7	  73.5	16.8791	1005.7	   1.2	8817471.82	8.6088E+05
20103.4	 966.8	  73.5	16.9278	1005.7	   1.2	8817471.82	8.6799E+05
20122.5	 966.9	  73.5	16.9424	1005.7	   1.2	8817471.82	8.7285E+05
20104.6	 966.9	  73.5	16.9266	1005.7	   1.2	8817471.82	8.7542E+05
20045.6	 966.9	  73.5	16.8770	1005.7	   1.2	8817471.82	8.7506E+05
20011.6	 966.9	  73.5	16.8485	1005.7	   1.2	8817471.82	8.7470E+05
