20	2500	80	2800	0.0186363636	0.1012	0.943734313	300	1
20	2500	80	2800	0.0371818182	0.11878	0.942438104	300	1
20	2500	80	2800	0.0554545455	0.13573	0.9399263722	300	1
20	2500	80	2800	0.0737272727	0.15087	0.9386672134	300	1
20	2500	80	2800	0.092	0.16456	0.9374869941	300	1
20	2500	80	2800	0.1102727273	0.17723	0.9359607761	300	1
20	2500	80	2800	0.1285454545	0.18918	0.93367179	300	1
20	2500	80	2800	0.1469090909	0.20053	0.930791425	300	1
20	2500	80	2800	0.1652727273	0.21206	0.9275266072	300	1
20	2500	80	2800	0.1836363636	0.2234	0.9237956368	300	1
20	2500	80	2800	0.202	0.23404	0.9196285228	300	1
20	2500	80	2800	0.2202727273	0.24388	0.9148766216	300	1
20	2500	80	2800	0.2387272727	0.2531	0.9100416686	300	1
20	2500	80	2800	0.2571818182	0.26201	0.9045193943	300	1
20	2500	80	2800	0.2755454545	0.27053	0.8974171875	300	1
20	2500	80	2800	0.2938181818	0.27764	0.8931376888	300	1
20	2500	80	2800	0.3121818182	0.28413	0.8846801531	300	1
20	2500	80	2800	0.3306363636	0.29083	0.8728585332	300	1
20	2500	80	2800	0.3491818182	0.29801	0.8595210563	300	1
20	2500	80	2800	0.3676363636	0.30501	0.8428651594	300	1
20	2500	80	2800	0.3855454545	0.3113	0.822077903	300	1
20	2500	80	2800	0.4027272727	0.31664	0.7944886603	300	1
20	2500	80	2800	0.4186363636	0.31785	0.7645753531	300	1
20	2500	80	2800	0.4333636364	0.32798	0.6759618773	300	1
20	2500	80	2800	0.4470909091	0.3293	0.6063428361	300	1
20	2500	80	2800	0.4603636364	0.36517	0.4186616741	300	1
20	2500	80	2800	0.4736363636	0.42547	0.2669312024	300	1
20	2500	80	2800	0.4867272727	0.51952	0.16486619	300	1
20	2500	80	2800	0.5003636364	0.56413	0.1307484954	300	1
20	2500	80	2800	0.5148181818	0.64589	0.0908682144	300	1
20	2500	80	2800	0.5304545455	0.67907	0.0763518485	300	1
20	2500	80	2800	0.5473636364	0.67587	0.0736894502	300	1
20	2500	80	2800	0.565	0.65192	0.0772890886	300	1
20	2500	80	2800	0.5828181818	0.62654	0.0823944487	300	1
20	2500	80	2800	0.6007272727	0.60654	0.0869288356	300	1
20	2500	80	2800	0.6187272727	0.5921	0.0904569873	300	1
20	2500	80	2800	0.6366363636	0.58196	0.0931051684	300	1
20	2500	80	2800	0.6545454545	0.57486	0.0951051959	300	1
20	2500	80	2800	0.6723636364	0.57021	0.0965501286	300	1
20	2500	80	2800	0.6902727273	0.56725	0.0976335659	300	1
20	2500	80	2800	0.7081818182	0.56562	0.0984396284	300	1
20	2500	80	2800	0.7260909091	0.56513	0.0989908661	300	1
20	2500	80	2800	0.744	0.56566	0.0992827538	300	1
20	2500	80	2800	0.7619090909	0.56732	0.0992414186	300	1
20	2500	80	2800	0.7708181818	0.56828	0.0992008646	300	1

