length    	Xeff^0.2	Xeff^0.5
    0.0000	 0.00000	 0.00000
    0.0205	 0.40001	 0.10120
    0.0409	 0.44161	 0.11878
    0.0610	 0.46890	 0.13573
    0.0811	 0.48990	 0.15087
    0.1012	 0.50732	 0.16456
    0.1213	 0.52250	 0.17723
    0.1414	 0.53619	 0.18918
    0.1616	 0.54871	 0.20053
    0.1818	 0.56107	 0.21206
    0.2020	 0.57289	 0.22340
    0.2222	 0.58372	 0.23404
    0.2423	 0.59348	 0.24388
    0.2626	 0.60241	 0.25310
    0.2829	 0.61084	 0.26201
    0.3031	 0.61875	 0.27053
    0.3232	 0.62520	 0.27764
    0.3434	 0.63096	 0.28413
    0.3637	 0.63678	 0.29083
    0.3841	 0.64295	 0.29801
    0.4044	 0.64887	 0.30501
    0.4241	 0.65413	 0.31130
    0.4430	 0.65852	 0.31664
    0.4605	 0.65940	 0.31785
    0.4767	 0.66764	 0.32798
    0.4918	 0.66886	 0.32930
    0.5064	 0.69797	 0.36517
    0.5210	 0.74377	 0.42547
    0.5354	 0.80812	 0.51952
    0.5504	 0.83788	 0.56413
    0.5663	 0.88749	 0.64589
    0.5835	 0.90883	 0.67907
    0.6021	 0.91056	 0.67587
    0.6215	 0.90064	 0.65192
    0.6411	 0.88911	 0.62654
    0.6608	 0.87982	 0.60654
    0.6806	 0.87314	 0.59210
    0.7003	 0.86853	 0.58196
    0.7200	 0.86538	 0.57486
    0.7396	 0.86343	 0.57021
    0.7593	 0.86228	 0.56725
    0.7790	 0.86176	 0.56562
    0.7987	 0.86179	 0.56513
    0.8184	 0.86233	 0.56566
    0.8381	 0.86345	 0.56732
    0.8479	 0.86407	 0.56828
