0	0.9445819923	0	0.0118013
0.0204836761	0.943734313	0.0121001537	0.0145652975
0.0408707554	0.942438104	0.0242914108	0.0188909354
0.0609668284	0.9399263722	0.0364550422	0.0242583765
0.0810526292	0.9386672134	0.0487556876	0.0303964315
0.1011802251	0.9374869941	0.0612247658	0.0372289114
0.1213245246	0.9359607761	0.0738458866	0.0446330996
0.1414386951	0.93367179	0.0865888984	0.0524385289
0.1615665103	0.930791425	0.0994802992	0.0606128421
0.1817699857	0.9275266072	0.1125597816	0.0685565021
0.202022599	0.9237956368	0.1258099973	0.0763139996
0.2221867598	0.9196285228	0.1391394687	0.08412014
0.2423292191	0.9148766216	0.1525907729	0.09228496
0.2625712166	0.9100416686	0.1662440733	0.1008468411
0.2828663266	0.9045193943	0.1800684204	0.1097035
0.3030782696	0.8974171875	0.1939692959	0.1189693343
0.3232206053	0.8931376888	0.2079541235	0.1292087771
0.343428684	0.8846801531	0.2221153654	0.1411531721
0.3636827517	0.8728585332	0.2364389284	0.1540752193
0.3840644079	0.8595210563	0.2509835304	0.1673823546
0.404354742	0.8428651594	0.2655905887	0.1819840893
0.424144974	0.822077903	0.2799600342	0.1986348179
0.4430187918	0.7944886603	0.2937747781	0.2185517229
0.4604914009	0.7645753531	0.3066599728	0.2461420986
0.4766732404	0.6759618773	0.3186757972	0.2827965654
0.4918243698	0.6063428361	0.3306744314	0.3342587061
0.5063920536	0.4186616741	0.3439095929	0.4108445071
0.5209601291	0.2669312024	0.3583444111	0.4804200536
0.5354279035	0.16486619	0.3726316373	0.5155522821
0.5503921055	0.1307484954	0.386521656	0.5393144893
0.5662875635	0.0908682144	0.4008228295	0.5751982786
0.5834666482	0.0763518485	0.4162789608	0.5971070214
0.6020722549	0.0736894502	0.4330185055	0.60107025
0.6214704564	0.0772890886	0.4504711662	0.5948260071
0.6411351631	0.0823944487	0.4681636289	0.5869200786
0.6608423068	0.0869288356	0.4858942379	0.580454625
0.6805738025	0.0904569873	0.5036467511	0.575612575
0.7002992376	0.0931051684	0.5213937989	0.572024625
0.719985798	0.0951051959	0.5391059424	0.5693745643
0.7396315493	0.0965501286	0.556781276	0.5674507357
0.7592943938	0.0976335659	0.5744720646	0.5660368571
0.779003134	0.0984396284	0.5922040899	0.565019575
0.7987263344	0.0989908661	0.6099491702	0.5643626607
0.8184319988	0.0992827538	0.6276784745	0.5640983357
0.8380732415	0.0992414186	0.6453497695	0.5642315679
0.8478698646	0.0992008646	0.6541638522	0.5643893857
